354.082
339.29
324.942
311.009
297.467
284.294
271.469
258.974
246.793
234.912
223.318
211.997
200.939
190.134
179.572
169.244
159.143
149.261
139.59
130.126
120.86
111.789
102.906
94.2074
85.6877
77.343
69.1689
61.162
53.3185
45.635
38.1083
30.7356
23.5138
16.4404
9.51271
2.72837
-3.91483
-10.4191
-16.7866
-23.019
-29.1183
-35.0863
-40.9245
-46.6347
-52.2182
-57.6764
-63.0108
-68.2224
-73.3128
-78.2828
-83.1337
-87.8664
-92.4819
-96.9811
-101.365
-105.634
-109.79
-113.832
-117.762
-121.581
-125.288
-128.884
-132.371
-135.748
-139.015
-142.175
-145.226
-148.168
-151.004
-153.731
-156.352
-158.866
-161.273
-163.574
-165.768
-167.856
-169.837
-171.712
-173.481
-175.144
-176.701
-178.151
-179.495
-180.732
-181.862
-182.885
-183.801
-184.609
-185.31
-185.902
-186.386
-186.761
-187.027
-187.183
-187.229
-187.164
-186.987
-186.699
-186.298
-185.784
-185.155
-184.412
-183.553
-182.578
-181.485
-180.274
-178.943
-177.493
-175.92
-174.225
-172.406
-170.462
-168.391
-166.192
-163.863
-161.403
-158.811
-156.083
-153.22
-150.218
-147.076
-143.791
-140.361
-136.784
-133.058
-129.179
-125.145
-120.954
-116.601
-112.083
-107.398
-102.541
-97.5093
-92.2976
-86.9021
-81.3181
-75.5405
-69.5641
-63.3833
-56.9921
-50.3839
-43.5521
-36.489
-29.1867
-21.6366
-13.8293
-5.75485
2.59781
11.2406
20.1863
29.4496
39.0459
48.9925
59.3086
70.0155
81.1371
92.7002
104.735
117.275
130.361
144.037
-88.5404
